0 0.061129 0.507310 0.082237 0.134503
0 0.159677 0.213999 0.039748 0.063231
0 0.190104 0.130848 0.028783 0.049708
0 0.208882 0.047880 0.018640 0.032895
0 0.205181 0.074379 0.011239 0.033260
3 0.199424 0.079496 0.024945 0.050073
2 0.200110 0.105263 0.021382 0.041667
2 0.400082 0.092654 0.012336 0.033260
3 0.417626 0.097770 0.024945 0.050073
1 0.386924 0.077851 0.016173 0.029971
1 0.355263 0.051170 0.019737 0.029971
1 0.537829 0.216374 0.026316 0.054825
1 0.439967 0.130117 0.019737 0.041667
1 0.837993 0.459064 0.063596 0.111111
