3 0.365817 0.203947 0.021107 0.066520
3 0.669956 0.218933 0.023575 0.073099
2 0.352111 0.233187 0.023849 0.048246
2 0.649945 0.212354 0.021382 0.053363
1 0.920367 0.539656 0.078673 0.139254
1 0.695998 0.270468 0.028509 0.066520
1 0.629386 0.188231 0.022478 0.044591
1 0.601425 0.149306 0.018640 0.033260
1 0.583882 0.123538 0.021382 0.024854
0 0.441201 0.131031 0.015077 0.026681
0 0.422012 0.157529 0.016173 0.032895
0 0.389529 0.195724 0.018640 0.043494
0 0.319764 0.272113 0.028783 0.059576
0 0.081826 0.539656 0.066064 0.126096
