3 0.654331 0.311221 0.019737 0.061769
3 0.636239 0.291301 0.023575 0.078216
2 0.365132 0.322917 0.022478 0.044956
2 0.380208 0.307018 0.022478 0.046784
0 0.390762 0.287098 0.023849 0.050073
0 0.416393 0.249817 0.017544 0.044956
0 0.431332 0.225512 0.015077 0.029971
0 0.160910 0.550439 0.067434 0.114766
0 0.331003 0.349415 0.030976 0.058480
1 0.568942 0.225512 0.016173 0.029971
1 0.584430 0.244700 0.022478 0.031798
1 0.613213 0.282164 0.017544 0.043129
1 0.676809 0.351060 0.022478 0.061769
1 0.865406 0.561221 0.063596 0.112939
