0 0.604441 0.113487 0.017544 0.025219
0 0.618147 0.142544 0.022478 0.029971
0 0.645559 0.181652 0.019737 0.041667
0 0.711075 0.262244 0.036184 0.056652
0 0.924068 0.535636 0.081140 0.131213
3 0.687363 0.209064 0.033717 0.073099
3 0.383361 0.189876 0.028783 0.068348
2 0.368421 0.222222 0.023575 0.049708
2 0.666118 0.203216 0.023575 0.051170
1 0.091009 0.513889 0.077303 0.131579
1 0.337719 0.258041 0.027412 0.071637
1 0.406387 0.184211 0.024945 0.043129
1 0.443120 0.144371 0.023849 0.036550
1 0.461760 0.113487 0.021107 0.038377
