0 0.083745 0.515534 0.084704 0.131213
0 0.327303 0.252193 0.031250 0.059942
0 0.395148 0.175073 0.022204 0.041667
0 0.431332 0.139254 0.020011 0.036550
0 0.448739 0.111842 0.009868 0.031433
1 0.590186 0.110197 0.013706 0.028143
1 0.607456 0.138341 0.013706 0.034722
1 0.636787 0.177449 0.017544 0.043494
1 0.704770 0.259686 0.028509 0.058114
1 0.929550 0.533808 0.082237 0.131213
3 0.681743 0.204861 0.040022 0.071272
3 0.373355 0.187500 0.028509 0.066520
2 0.360197 0.218202 0.027412 0.048246
2 0.658717 0.198282 0.028509 0.051535
