0 0.864857 0.074379 0.017544 0.033260
0 0.868695 0.119335 0.027412 0.050073
0 0.600740 0.286184 0.042489 0.084795
0 0.389529 0.187500 0.043860 0.073099
0 0.372670 0.279788 0.052357 0.094664
1 0.558936 0.512244 0.081140 0.148026
1 0.221902 0.615132 0.099507 0.187865
1 0.546464 0.181469 0.033717 0.058114
1 0.630757 0.097770 0.027412 0.039839
1 0.686129 0.057931 0.023575 0.039839
2 0.826206 0.226425 0.044956 0.081506
2 0.357045 0.430738 0.070998 0.124635
3 0.661184 0.163377 0.041118 0.097953
3 0.619380 0.193165 0.042489 0.107822
