1 0.859375 0.465643 0.068531 0.108187
1 0.557703 0.219846 0.033717 0.061769
1 0.461760 0.131762 0.021107 0.044956
1 0.406387 0.081140 0.015077 0.029971
1 0.376371 0.053728 0.017544 0.031433
3 0.441338 0.096126 0.022478 0.053363
2 0.422560 0.092654 0.017270 0.039839
2 0.219435 0.106177 0.015077 0.039839
3 0.218202 0.082785 0.022478 0.046418
0 0.231908 0.083516 0.019737 0.034722
0 0.233690 0.052997 0.021107 0.029971
0 0.180236 0.215643 0.038651 0.066520
0 0.213130 0.129203 0.020011 0.052997
0 0.089227 0.504751 0.073739 0.126462
